---------------------------------------
------------------SH CH130-------------
---------------------------------------
ite 839
hormiga  6533.0    
semilla  3292501277
ite 662
hormiga  6869.0    
semilla  4132572611
ite 852
hormiga  6729.0
semilla  1304534041
---------------------------------------
------------------SH A280--------------
---------------------------------------
ite 283
hormiga  3336.0
semilla  1431452431
ite 365
hormiga  3360.0
semilla  2095407928
ite 316
hormiga  3367.0
semilla  1789328540


---------------------------------------
------------------SHE CH130------------
---------------------------------------
ite 111
hormiga  6644.0
semilla  3789018700
ite 144
hormiga  6652.0
semilla  4258093912
ite 134
hormiga  6455.0
semilla  1043530552

---------------------------------------
------------------SHE A280-------------
---------------------------------------
ite 270
hormiga  3004.0
semilla  3065279651
ite 267
hormiga  3031.0    
semilla  3199724207
ite 265
hormiga  3072.0    
semilla  4163665283



---------------------------------------
------------------SCH CH130------------
---------------------------------------
ite 1844
hormiga  6290.0
semilla  307917061
ite 1530
hormiga  6261.0
semilla  3030181893
ite 2704
hormiga  6472.0
semilla  1145223414


---------------------------------------
------------------SCH A280-------------
---------------------------------------
ite 573
hormiga  2834.0
semilla  3013620560
ite 566
hormiga  2840.0
semilla  667708977
ite 647
hormiga  2758.0
semilla  697086799


------------------------------------------------------------
------------------------------------------------------------
Caminos generados por las mejores semillas

130 SH

[0, 40, 38, 70, 129, 49, 1, 117, 79, 45, 19, 92, 36, 21, 46, 39, 22, 121, 54, 50, 59, 119, 52, 48, 57, 105, 37, 78, 94, 115, 23, 14, 28, 88, 93, 76, 102, 80, 11, 86, 64, 55, 56, 8, 51, 74, 73, 98, 72, 91, 71, 90, 5, 101, 9, 13, 95, 66, 12, 77, 120, 125, 29, 58, 89, 124, 84, 65, 27, 114, 61, 104, 111, 116, 2, 82, 113, 107, 7, 17, 20, 32, 43, 41, 3, 34, 53, 30, 16, 33, 103, 106, 126, 42, 18, 26, 99, 81, 100, 122, 110, 118, 83, 35, 112, 31, 109, 97, 24, 47, 67, 62, 69, 96, 6, 25, 87, 85, 68, 63, 123, 128, 60, 108, 75, 10, 4, 44, 15, 127, 0]

280 SH

[0, 279, 1, 2, 278, 277, 276, 275, 274, 273, 272, 271, 270, 15, 16, 17, 18, 131, 130, 19, 20, 127, 126, 125, 28, 27, 26, 25, 21, 24, 22, 23, 13, 12, 14, 11, 10, 9, 8, 7, 6, 5, 4, 3, 229, 228, 227, 226, 225, 224, 223, 222, 221, 220, 219, 218, 217, 214, 213, 210, 209, 206, 211, 212, 215, 216, 232, 233, 234, 235, 236, 237, 238, 245, 244, 239, 240, 241, 242, 243, 246, 249, 250, 230, 231, 255, 248, 247, 254, 251, 252, 207, 208, 253, 256, 257, 258, 259, 260, 261, 262, 263, 264, 265, 137, 138, 148, 147, 140, 141, 146, 145, 
144, 143, 199, 201, 200, 195, 194, 193, 191, 190, 189, 185, 186, 184, 183, 182, 181, 180, 179, 178, 175, 176, 177, 150, 151, 155, 152, 154, 153, 128, 129, 132, 133, 134, 135, 267, 268, 269, 266, 136, 149, 171, 170, 169, 168, 100, 101, 102, 103, 107, 108, 88, 89, 90, 91, 92, 93, 96, 95, 94, 77, 78, 79, 80, 81, 82, 87, 111, 110, 109, 113, 112, 86, 83, 84, 85, 115, 114, 116, 117, 60, 59, 42, 41, 40, 39, 38, 37, 36, 35, 34, 33, 32, 31, 30, 29, 124, 123, 122, 121, 120, 119, 118, 156, 157, 158, 159, 174, 160, 161, 162, 163, 164, 165, 166, 167, 99, 98, 97, 46, 45, 44, 43, 58, 57, 56, 55, 54, 53, 52, 47, 48, 51, 50, 49, 65, 64, 63, 62, 61, 68, 67, 66, 69, 70, 71, 72, 73, 74, 76, 75, 104, 105, 106, 173, 172, 187, 188, 192, 196, 197, 198, 142, 203, 202, 204, 205, 139, 0]

130 SHE

[0, 127, 15, 44, 75, 10, 4, 108, 60, 128, 123, 68, 63, 87, 85, 6, 69, 96, 25, 106, 126, 103, 42, 18, 26, 33, 16, 30, 99, 14, 28, 23, 115, 94, 78, 37, 86, 11, 80, 102, 76, 93, 88, 109, 97, 24, 47, 62, 67, 31, 112, 35, 83, 118, 122, 110, 100, 81, 64, 55, 56, 8, 51, 74, 73, 98, 72, 91, 71, 90, 101, 5, 54, 121, 9, 13, 66, 95, 12, 77, 120, 125, 29, 58, 89, 124, 84, 65, 27, 114, 61, 104, 111, 116, 2, 82, 113, 107, 7, 17, 20, 32, 92, 36, 21, 22, 46, 39, 43, 41, 59, 50, 119, 52, 48, 57, 105, 3, 53, 
34, 19, 45, 79, 117, 1, 49, 129, 70, 38, 40, 0]


280 SHE

[0, 1, 279, 2, 278, 277, 248, 247, 249, 246, 243, 244, 239, 240, 242, 241, 245, 238, 237, 231, 232, 233, 234, 235, 236, 230, 229, 228, 227, 226, 225, 224, 223, 222, 215, 216, 219, 221, 220, 218, 217, 214, 213, 212, 211, 210, 209, 206, 205, 204, 203, 202, 201, 199, 200, 195, 194, 193, 196, 197, 198, 144, 143, 141, 142, 145, 146, 147, 140, 139, 264, 263, 262, 261, 260, 259, 258, 257, 256, 253, 252, 207, 208, 251, 250, 255, 254, 273, 272, 271, 270, 15, 16, 17, 18, 19, 130, 129, 20, 131, 132, 133, 269, 268, 134, 135, 136, 267, 266, 265, 137, 138, 148, 149, 177, 176, 175, 180, 181, 182, 183, 184, 186, 185, 192, 191, 190, 189, 188, 187, 164, 163, 162, 161, 160, 174, 159, 158, 157, 156, 118, 119, 120, 121, 122, 123, 124, 29, 125, 126, 127, 128, 153, 154, 152, 155, 151, 150, 179, 178, 165, 166, 167, 171, 170, 169, 168, 100, 99, 98, 97, 96, 95, 94, 93, 92, 79, 80, 
78, 77, 76, 74, 73, 72, 71, 70, 69, 68, 67, 66, 65, 64, 63, 62, 61, 58, 57, 56, 43, 44, 55, 45, 46, 47, 48, 49, 50, 51, 52, 
53, 54, 75, 81, 88, 108, 89, 90, 91, 101, 102, 103, 104, 106, 105, 172, 173, 107, 109, 111, 110, 113, 112, 86, 87, 82, 83, 84, 85, 115, 114, 116, 117, 60, 59, 42, 41, 40, 39, 38, 34, 37, 36, 35, 33, 32, 31, 30, 28, 27, 26, 25, 21, 24, 22, 23, 13, 14, 12, 11, 10, 9, 8, 7, 6, 4, 5, 3, 276, 275, 274, 0]

130 SCH

[0, 40, 38, 70, 129, 49, 1, 117, 79, 45, 19, 92, 43, 41, 50, 59, 54, 121, 22, 46, 39, 36, 21, 32, 20, 17, 7, 107, 125, 113, 
2, 82, 116, 111, 104, 61, 114, 27, 65, 84, 124, 89, 58, 29, 120, 77, 12, 66, 95, 13, 9, 101, 5, 90, 71, 119, 52, 48, 57, 105, 3, 34, 53, 99, 18, 26, 30, 16, 33, 126, 106, 103, 42, 97, 109, 88, 93, 76, 102, 80, 86, 11, 28, 14, 23, 115, 94, 78, 37, 91, 72, 98, 73, 74, 51, 64, 55, 8, 56, 81, 100, 122, 110, 118, 83, 35, 31, 112, 24, 47, 67, 62, 69, 96, 25, 6, 87, 85, 68, 63, 123, 128, 60, 108, 75, 10, 4, 44, 15, 127, 0]

280 SCH

[0, 279, 1, 2, 278, 277, 251, 254, 253, 252, 207, 208, 209, 206, 205, 204, 203, 202, 201, 199, 143, 144, 198, 197, 200, 195, 194, 193, 196, 192, 190, 191, 220, 219, 216, 215, 212, 211, 210, 213, 214, 217, 218, 221, 222, 223, 224, 225, 226, 227, 228, 229, 250, 249, 246, 244, 245, 230, 231, 232, 233, 234, 235, 236, 237, 238, 239, 240, 241, 242, 243, 247, 248, 255, 256, 257, 258, 259, 260, 261, 262, 263, 264, 265, 266, 267, 268, 269, 133, 134, 135, 136, 137, 138, 139, 140, 141, 142, 145, 146, 147, 148, 149, 177, 178, 179, 180, 175, 176, 150, 151, 155, 152, 154, 153, 128, 129, 130, 131, 132, 16, 17, 18, 19, 20, 127, 
126, 125, 123, 122, 121, 120, 119, 118, 156, 157, 158, 159, 174, 181, 182, 183, 184, 186, 185, 189, 188, 187, 165, 164, 163, 162, 161, 160, 173, 172, 106, 105, 104, 107, 103, 102, 101, 169, 171, 170, 166, 167, 168, 100, 99, 98, 97, 96, 95, 94, 93, 
92, 91, 90, 89, 88, 81, 82, 83, 84, 64, 63, 62, 61, 58, 57, 67, 68, 69, 66, 65, 70, 71, 72, 73, 74, 75, 76, 77, 78, 79, 80, 
108, 109, 110, 111, 87, 86, 112, 113, 114, 115, 85, 116, 117, 60, 59, 42, 41, 40, 39, 38, 47, 46, 45, 44, 43, 56, 55, 54, 53, 52, 51, 50, 49, 48, 37, 36, 35, 34, 33, 32, 31, 30, 29, 124, 28, 27, 26, 25, 21, 24, 22, 23, 13, 12, 11, 10, 9, 7, 6, 8, 14, 15, 270, 271, 272, 273, 274, 275, 276, 3, 5, 4, 0]